{
 "cells": [
  {
   "cell_type": "code",
   "execution_count": 1,
   "id": "8f0c08d0-9d65-4e41-a6a1-217cbf0f81b9",
   "metadata": {},
   "outputs": [
    {
     "name": "stdout",
     "output_type": "stream",
     "text": [
      "Variance : [0.68569351 0.18997942 3.11627785 0.58100626]\n",
      "CoVariance : [[ 0.68569351 -0.042434    1.27431544  0.51627069]\n",
      " [-0.042434    0.18997942 -0.32965638 -0.12163937]\n",
      " [ 1.27431544 -0.32965638  3.11627785  1.2956094 ]\n",
      " [ 0.51627069 -0.12163937  1.2956094   0.58100626]]\n",
      "Correlation : [[ 1.         -0.11756978  0.87175378  0.81794113]\n",
      " [-0.11756978  1.         -0.4284401  -0.36612593]\n",
      " [ 0.87175378 -0.4284401   1.          0.96286543]\n",
      " [ 0.81794113 -0.36612593  0.96286543  1.        ]]\n"
     ]
    }
   ],
   "source": [
    "from sklearn.datasets import load_iris\n",
    "import numpy as np\n",
    "\n",
    "iris = load_iris()\n",
    "X = iris.data\n",
    "\n",
    "variance_np = np.var(X,axis=0,ddof=1)\n",
    "covariance_np = np.cov(X, rowvar=False)\n",
    "correlation_np = np.corrcoef(X, rowvar=False)\n",
    "\n",
    "print(\"Variance :\",variance_np)\n",
    "print(\"CoVariance :\",covariance_np)\n",
    "print(\"Correlation :\",correlation_np)"
   ]
  },
  {
   "cell_type": "code",
   "execution_count": null,
   "id": "375c8a8f-cc50-441d-a0ff-a38178ea4438",
   "metadata": {},
   "outputs": [],
   "source": []
  }
 ],
 "metadata": {
  "kernelspec": {
   "display_name": "Python 3 (ipykernel)",
   "language": "python",
   "name": "python3"
  },
  "language_info": {
   "codemirror_mode": {
    "name": "ipython",
    "version": 3
   },
   "file_extension": ".py",
   "mimetype": "text/x-python",
   "name": "python",
   "nbconvert_exporter": "python",
   "pygments_lexer": "ipython3",
   "version": "3.9.13"
  }
 },
 "nbformat": 4,
 "nbformat_minor": 5
}
